version https://git-lfs.github.com/spec/v1
oid sha256:652edcf4dea73ae153fb6739f19539b9315ae7c698ab2ea3cb7e7824efa96f40
size 533
